7823
816
1089
7054
3918
3412
8266
8965
5094
6144
5759
8361
6592
4145
7156
3095
6899
6202
3839
1998
8727
5446
7416
5488
6529
2208
2469
801
6064
4434
1367
1818
1091
7423
6579
4439
1244
2054
9625
4013
9207
8159
2087
9234
5726
6982
7631
9454
4153
1949
5761
1801
5282
9154
7858
9522
6713
2363
5565
7307
3415
2676
1403
6823
3373
2027
250
9650
9099
1536
9820
6905
8253
8470
5044
2240
520
1707
9401
5875
5140
7274
8763
1831
8054
8290
7354
1652
4727
6176
8458
6866
9034
1504
7895
9077
710
4868
3782
2315
9183
4448
8031
5104
1430
8016
9808
2331
2274
91
9386
238
2308
7105
4145
8243
3401
6820
5945
8525
4627
4942
5954
173
1378
3961
7825
8517
4007
1449
3799
7742
8422
8132
625
8164
194
8122
2896
3226
5749
1234
6630
4128
1350
9827
2065
922
8197
1193
3477
8407
9331
9410
4381
5120
6617
8160
9569
5641
4555
5301
5605
6266
2234
1290
9805
3151
4056
1146
324
3610
7645
7378
8591
3089
6927
383
6227
3631
9140
1000
5978
9078
8374
6630
8171
1215
834
2299
4893
4304
6793
7004
2799
2208
6361
2518
9878
9587
6402
7299
3454
6967
883
961
6676
9434
8476
4562
8404
1497
2479
4136
7948
8821
562
4323
8755
8218
739
3771
8831
6037
5280
4825
8509
6056
8293
7340
2246
426
3521
2273
5236
3399
8684
7604
4839
9922
9599
1092
5439
2955
4248
9291
2100
5492
1223
7280
1348
2397
6426
9213
6434
6399
9522
1432
1854
8805
7685
4004
6614
7125
4367
4301
1417
6407
514
625
2637
4062
7353
9308
8289
4108
1993
7787
4493
621
3966
8072
1622
1736
6635
6437
4838
9363
9691
4136
9882
9878
3074
6215
6286
3420
2020
1159
8573
1993
1320
3257
1996
2660
3034
8307
3735
4590
4099
1993
6432
7078
7458
1434
9637
9034
7905
2253
9087
7007
1779
3689
1069
5569
4278
9108
8247
3626
363
234
3213
9493
3636
3719
9972
9907
7644
8160
4641
8705
1029
6295
1185
7627
7031
9482
3892
7345
8281
9802
9454
1790
3382
2237
1569
1902
1299
3549
7071
7850
9251
8494
4288
7778
3829
1883
2613
6842
6972
6128
9653
877
6978
267
9806
6728
489
5642
8752
2213
834
6423
3712
9248
9129
9477
6904
2777
4539
9582
106
1090
6081
7659
5808
4173
8774
8406
6019
3891
4532
561
4165
4583
2990
7642
1769
8501
8272
6801
5247
9789
7959
6335
6524
7216
1537
4193
61
1479
9109
2847
7048
9723
2011
936
8891
3827
8245
4362
4969
4235
7202
2988
7670
6742
4903
8399
2877
7630
1396
7050
3783
1913
7981
5638
2700
2905
1983
2416
9405
7163
2641
8751
1684
8022
2727
5550
4328
4184
3440
4448
6076
6675
7775
1110
2890
3947
792
9463
1370
7510
4533
7867
9762
8628
997
933
1273
9531
2478
9183
3047
1035
8294
3700
6613
9015
9226
7187
29
7276
2515
4495
9606
767
7962
6630
9707
5843
9482
7863
2894
3220
9255
729
9544
7099
8484
8004
1576
5952
2588
2981
1393
3994
2677
6108
6474
7214
5532
566
931
4302
6775
4032
823
4138
9733
2020
4386
7200
449
3235
6544
8152
8165
6745
6072
2138
3667
7028
6106
6610
2007
4006
7954
9042
8501
3548
5322
3916
1586
7024
80
1962
5038
2808
4261
8817
9064
3498
3101
8115
5336
2728
7248
8868
7814
4949
8246
9499
9597
2092
3235
6719
1905
3179
4363
7519
7419
6390
4372
4794
2913
538
7995
8969
3405
4707
5073
6100
6328
9790
1739
6647
7441
4888
7343
9313
5859
2241
5803
1168
1913
5129
2414
6325
433
5220
3090
4306
1776
8769
2306
6039
9478
4513
9112
3490
7950
4782
1089
1913
7298
9829
9287
523
5109
8277
8280
8050
6295
5941
465
3185
5304
402
2742
6908
3553
3768
3783
3203
688
7902
7864
6571
2098
4012
9802
9413
5127
344
3194
2698
9255
4448
6554
7863
9240
387
9163
3844
2543
3266
5923
7354
9219
3026
3492
2456
2312
2969
7093
1537
8971
3447
3369
7653
2623
5872
3317
7763
5559
6074
2318
1846
5873
7713
2339
2529
4935
125
7301
7354
4384
2346
7321
8108
1439
527
1450
6747
2425
7919
6942
1578
1166
9192
6081
7077
235
2015
6551
2766
2723
9084
6384
5149
9818
6565
6285
895
9276
8933
7097
8964
8525
5268
1825
1519
5876
7654
1986
4633
6704
7991
3518
7110
8959
204
392
7110
4330
9845
4615
23
6007
344
4345
178
5938
5313
2857
2356
5135
3754
4052
3548
1432
9997
9875
9201
6815
4597
2034
2409
8329
1728
4259
1707
9039
8799
6673
2510
3653
8700
9737
496
5577
9497
2537
5575
8822
1058
5116
9640
6231
3945
3562
7288
32
3448
3563
6547
2408
2507
8850
3181
8833
4383
6842
4345
1125
1910
8077
7999
849
4856
9061
9986
6091
2133
6942
2265
8534
3968
8035
2773
7829
773
4961
2571
1231
1843
3093
7522
4268
2834
5485
1786
1371
2330
5413
8313
1174
5034
8140
1073
8718
8707
9016
6277
8155
4187
5414
4857
5261
6150
5850
4216
6789
9061
716
5538
3352
1321
7404
7698
196
8795
4729
4346
9825
882
8549
1300
6085
3243
8982
5749
1061
7960
5480
939
4814
7954
6070
2023
488
4862
8219
469
7212
4487
4093
7019
2140
1433
763
2381
9080
1398
4187
6028
7037
2030
3846
4196
2789
9282
7894
9151
1801
7944
9733
6584
2154
8502
5243
226
1090
2631
7135
5834
1742
9000
3222
1986
3043
2718
4309
8667
7870
1901
7390
2031
5939
7659
3113
9836
8478
1173
2196
2401
9125
7047
1338
1737
6185
1741
3090
9918
8122
3508
1613
7083
2439
6187
8382
6158
6530
7756
3389
3234
4336
4212
2878
6299
371
7471
9339
8360
5076
6241
8649
1066
9247
9982
4672
878
8701
4932
2725
3996
4329
2482
5768
6491
6716
6736
4178
3865
562
9108
819
2637
1360
4605
7328
2219
2767
744
8222
6471
4281
6437
1888
8466
561
5176
2837
2962
1888
9436
7693
7213
6492
8127
3183
805
2642
2013
7331
4176
4137
9448
754
7253
7295
5792
7564
5884
6528
887
1734
66
1135
3559
6403
3225
6609
5046
5489
4767
6699
3589
7371
1634
917
2174
1791
6654
170
468
4334
8208
1697
4409
1679
240
7451
8989
7942
7124
5059
1736
8208
6401
9936
1999
5645
8042
9010
1080
4971
2650
4664
9475
18
9410
3439
2132
2859
6018
3024
3968
9822
6692
1303
3530
6360
2848
5125
8976
7607
787
5903
6070
236
7576
2707
1240
9729
4432
5547
9699
2388
4431
2695
9392
3885
9487
642
518
5316
351
6090
7234
9682
6198
1775
385
251
9127
6759
5674
8338
2106
7795
9273
8385
2963
6126
4113
7213
1348
1795
4307
7118
9717
79
2453
2674
7529
7787
1733
9526
1806
9354
4957
546
2865
6462
4278
7330
9525
5813
9461
2163
5137
7954
3772
1126
2238
4324
1638
8289
8978
8736
2125
7543
8616
5500
9562
6178
6908
3597
9617
3630
7375
633
9959
4982
1691
8114
7435
994
4057
4536
4852
4075
265
4689
108
7158
3923
7573
2653
3219
2372
5777
4167
9278
5413
763
9614
5389
6442
927
7632
9840
4782
5687
4058
811
9111
6493
7324
8524
3839
7780
4935
5138
4995
6767
2741
2738
3770
9850
4443
2849
1875
9539
1148
9594
2624
3496
5162
8394
8836
9172
4685
5018
5234
8468
4599
4732
7581
4556
4129
6686
4432
6721
9653
8826
5775
1800
5909
9434
3394
1711
8580
4851
7638
3858
4288
5832
8580
3557
2054
5313
3561
263
2731
5044
3704
8316
8700
6643
3486
2439
2009
361
1845
425
647
9778
1345
745
6859
9066
112
8452
2207
4445
7304
3334
3818
6934
3199
485
8081
5162
422
2689
110
572
3976
8103
740
2740
8736
5659
1893
2551
6398
3424
6435
9183
3715
4949
8130
4063
8673
4929
1758
5719
5208
3842
5932
4728
8996
5150
7402
1737
2932
3349
6861
8228
1052
8041
7340
4450
156
820
7113
556
2223
1529
15
4023
9698
7432
7586
5293
4829
4176
3806
5031
2756
7649
5877
4890
3524
6162
5663
1193
1524
4090
8991
5807
1857
3591
7019
720
8273
8354
3384
7505
3957
97
2298
310
2072
3204
1364
7060
8143
1673
5750
2802
5566
9041
1681
9560
5561
1610
9256
2459
6959
3140
5978
1392
3476
7262
9793
3696
4717
8006
9501
9247
8607
5472
3236
8428
9930
3665
8222
9878
2051
7078
5865
8147
7912
2533
1228
8450
8921
3286
8004
8162
6135
7577
2171
5665
5895
6587
8299
6090
2738
3714
2266
5936
7138
5323
6310
2652
8868
6114
6078
9749
8081
4561
6402
9367
9618
14
9972
3658
3023
4292
4428
4967
8338
7178
9660
6710
3752
9755
2361
666
2683
6562
7776
8120
6774
5203
6485
4572
1489
2729
520
4327
9152
130
6189
3062
5206
8244
1553
5716
5177
2956
8368
136
7817
9205
5632
8431
5430
5843
5253
7101
4078
1732
4717
2062
8329
3345
8527
4884
9168
8367
6985
3298
7339
8854
159
5201
7538
7460
4451
1079
9124
253
5032
4680
581
4154
7057
8931
110
8469
5402
9442
5452
7165
2658
2666
699
6092
6168
8991
9708
8179
8479
2527
398
9630
7865
9026
4322
8147
1893
7052
8143
7957
5664
301
7467
5394
7415
7364
6676
7166
7613
9592
37
5468
6507
5458
8687
3722
1137
9528
8526
616
2266
6802
8285
4832
8464
8424
1346
1999
5436
1748
6493
497
5948
1068
1672
6955
6481
5010
7987
3875
7980
3184
7228
8557
3426
3243
2729
3698
9118
424
7696
8025
3830
5598
6635
8973
9131
6026
2001
5360
8296
8558
2011
6356
4449
9872
4748
4181
5196
4029
477
2561
2524
6274
6566
3296
4865
4276
8060
9918
6093
3089
9052
5017
7954
6649
3295
5559
2147
4986
9849
6391
6121
7050
9515
1425
7480
9388
194
701
9572
7494
7007
2740
2676
218
7069
4884
9243
3238
6000
941
8613
5651
218
9029
638
2949
2397
5906
2280
8881
7258
423
682
6377
1659
1144
9638
6723
8569
4456
3068
5685
3660
6582
8248
1266
3852
7648
4889
9286
1813
9428
7167
5375
3909
3663
3625
829
821
5803
6081
6637
429
2898
5437
6597
2584
3041
5569
8436
5410
8464
3779
7377
6305
3562
3955
5991
810
2081
9126
5561
2584
8309
1109
940
1370
6176
2327
9898
6322
2342
6063
1422
9288
3269
9459
7939
9714
8918
1979
2013
1828
2703
773
5234
2590
2588
4658
7529
4825
5166
4267
9055
9059
8135
130
1404
878
9219
9724
7133
4684
2554
9796
5280
5572
2501
6593
8559
562
4448
7351
2117
4275
7530
5198
663
3166
9700
897
5810
931
1332
3046
8317
8477
372
8838
7119
9533
2468
3817
123
5974
8147
361
7860
9001
262
5390
6857
789
7036
503
921
3643
2188
5714
3833
1733
3991
581
5190
8345
6834
9847
8815
5987
8753
1327
1708
8950
2961
8735
5746
2464
4287
6650
7450
6167
6088
7022
5643
5969
4756
8085
5662
1344
8562
5068
5909
9558
8703
1693
3652
3474
2787
5180
5531
3789
3298
6732
3472
8987
843
7859
7662
920
137
6708
5947
999
8697
327
8256
2304
153
443
1281
2137
9437
9000
1602
8359
9980
1311
8276
4940
261
6125
6810
1975
9140
5557
5342
9906
8597
5640
63
4839
2348
5878
8409
4058
6924
7128
7058
7186
2267
3022
2569
8498
4347
258
1013
6929
4688
8413
9927
2262
8662
4864
9056
317
169
9752
5798
9552
6851
3360
8940
6254
9520
4237
8079
3496
2450
2495
4947
4405
1679
7412
60
9628
315
6276
4006
3811
176
593
9934
6376
4090
3477
8072
3037
1201
127
5152
9400
8995
1590
1797
4986
2925
3161
2864
1115
5034
5298
4513
7625
1857
4626
2750
9943
7302
7859
4058
5720
3517
8136
3905
7130
3048
6268
9791
9284
5993
8591
5912
9575
1738
9451
3189
8216
8543
9621
7844
9470
7466
4963
3448
9199
911
5198
1778
7056
6494
5798
2545
3765
7875
1035
9969
9593
3125
3877
636
445
9115
6970
8950
4624
1151
1751
6905
4877
9128
3458
7566
5627
1488
2925
7784
7383
4711
7570
5464
1242
2976
1047
5940
1084
4087
2822
7914
1810
2091
7233
6685
655
9362
3940
3577
444
3554
9740
6564
1682
5791
1870
8078
4111
3782
167
8649
3758
412
4483
5678
265
5282
2767
2160
7315
9467
2820
9393
124
6046
4027
5220
2250
5888
920
9147
3086
804
9150
7793
3446
8838
4057
1849
5792
4091
8275
8257
3197
5525
6647
8638
7808
2164
8768
6460
2571
3961
6497
2004
445
3826
7082
993
3019
8431
3188
5648
9802
8248
4488
3310
6960
7923
4120
375
8471
4428
8649
7939
501
2635
297
1551
1665
9586
2734
342
5437
9465
174
7609
138
7256
9009
1868
202
4150
7754
9719
9235
6126
2163
6310
2520
3918
267
3339
796
648
8782
5731
6143
2328
3984
7474
8183
3742
877
3770
6706
8164
7964
7582
2523
2896
4712
2246
3315
277
4929
3864
7553
2396
9950
238
6681
5387
9758
4916
373
1721
1546
3404
7491
7959
5588
8328
2403
7083
1661
5092
999
9460
3689
8612
8232
2112
4610
1314
9717
6863
5564
161
823
5143
1140
5396
4365
2319
3743
3149
4618
5365
6128
3896
3249
297
5940
5228
4388
4553
8599
284
1579
5519
3176
9796
9401
1184
6692
6075
8257
7120
4867
6203
2755
4704
4644
3445
1572
1981
9303
7584
9496
8418
757
2436
3778
3913
3571
7315
8559
3054
7989
3578
9306
7791
9415
3146
8111
9854
4317
3369
2653
4341
5583
8427
1973
5770
5587
4889
3448
4939
2990
668
9055
2311
4540
3792
422
6704
7597
4554
7772
5673
2454
3054
5396
7830
8688
4109
5681
8306
3102
3454
9196
7560
1617
5616
571
5777
3062
4638
4358
1879
9759
4203
9278
1190
9481
6130
2356
7168
8361
4106
699
6930
2304
259
2594
8992
5740
6375
6628
4624
8938
658
7093
899
2224
2710
3875
5958
7242
1148
1974
5934
8857
2539
5492
4175
7843
5967
9293
3725
8251
4294
1919
8539
8292
6453
4509
5954
5897
7900
426
4935
6967
8646
4202
2561
6483
9298
6370
1232
9283
3061
7108
3281
3933
7089
5882
2215
3847
9183
8874
438
1388
1518
7489
1068
719
1184
7080
7434
7332
4997
999
1381
5053
4145
2603
6988
7458
683
831
7168
1405
8652
5366
6792
8689
5179
7710
539
4066
8565
4506
1003
1092
7102
44
906
4191
8354
9494
5253
9478
763
4821
8563
4280
7675
2404
1990
4265
3657
1499
5348
4280
3902
233
9682
6632
8381
9402
1084
3284
5020
6580
1362
4168
9687
2439
8713
8759
6496
3574
5106
1944
5107
4946
7633
2746
2841
4768
7482
2436
5203
8119
9844
6146
8169
5444
4921
9447
4452
9068
3332
4988
5688
2345
7134
5278
3061
2259
2054
5847
3618
8025
5073
81
8209
7797
2813
2093
5802
7649
3936
6007
7086
5848
9657
4880
682
7950
6578
9478
4609
607
3894
9
303
4046
6428
1562
1130
6856
6804
3425
2049
4878
6105
8747
9009
581
5051
5269
3748
8142
1236
8735
6021
127
4849
6122
2216
7499
322
8698
7495
9039
7292
1291
5773
268
1142
9537
7601
4249
1446
3469
2524
6418
4739
8740
4386
8623
2861
7825
2933
8427
6079
8590
8678
6345
3424
831
5704
8683
9885
2432
6540
4562
8202
6534
9220
5288
1684
2205
6620
6205
5685
7543
9046
8297
1535
6391
7276
7727
5198
9242
2249
4576
5496
4541
1288
4127
3322
1472
3632
9494
2755
1034
3388
6479
5511
7435
5010
3367
7304
3183
2137
3527
2465
7528
871
8805
7047
810
9800
8675
945
5654
387
4218
6469
2368
9855
5435
846
8142
7170
1949
6646
1350
7975
2454
2732
4621
9161
721
2065
3221
723
7724
7104
4093
8327
6436
6504
7380
2083
1614
7835
3968
9933
1340
2578
7890
2261
5982
2716
9305
7572
613
2149
651
94
8967
7567
3416
6810
663
1802
74
1638
539
2654
1744
6206
8898
3325
4247
4032
7872
7035
4382
6186
5349
5517
4692
5816
9618
5195
3464
6564
9198
25
6332
2703
1057
9090
427
5899
7252
195
3057
5024
6390
8424
2847
5492
9165
9935
9514
7164
4806
2595
5542
9403
4574
995
1624
7280
6938
7682
4473
7116
3259
9509
2993
7146
3309
5154
383
9312
7341
8535
2427
4893
9941
5736
5735
6337
7398
4501
4598
9181
7880
9124
1960
265
7395
9586
3936
9006
1421
4077
723
8487
4831
9917
1890
154
9133
9420
2320
6918
8689
4479
2400
7910
757
8497
7896
6360
8097
4819
2133
6587
1639
2012
6109
8495
8031
4143
6805
9413
5640
8586
5152
1156
2377
9454
6235
7285
7208
3314
8845
1652
5500
5401
8386
3886
4070
3790
899
2364
2797
4951
2404
5347
1783
5605
2541
54
920
7073
237
5053
4923
6255
4867
9997
4121
1678
2670
9258
2623
9220
8407
3737
7743
6866
5076
9007
107
5750
718
1704
8081
3803
643
6139
3148
2908
3423
1600
3929
6076
5790
5867
7333
1121
9112
4469
1644
3680
6364
5772
4306
5335
534
3882
943
5856
5245
5274
5509
2730
9595
1742
1397
131
1910
5139
1649
6703
4028
9068
5001
283
5316
7088
5657
2022
1041
3707
6181
5659
5109
9469
9483
1616
7771
1626
8954
2068
7869
6761
3795
537
2984
4619
9226
5553
524
3
9330
1495
4568
9511
6678
168
1585
885
4933
8177
1273
38
4861
2733
9796
9794
4301
8147
9046
1421
3783
9464
1273
8214
7195
5528
76
6101
1729
7061
8053
2039
5802
2592
4801
5158
6082
6980
5263
1933
7774
1673
4817
8538
8891
1500
5563
1831
3505
9313
9269
9742
2579
2924
8850
1212
5111
7782
1651
3525
434
114
2132
8567
3338
3361
3476
757
1319
8436
1343
8536
7876
3529
6230
7813
8994
6918
2017
3629
2492
2292
2891
7027
6466
1341
1419
4065
7467
5776
1211
7007
3707
1467
3820
2792
9433
7264
5379
8041
8911
4424
1034
372
9732
4429
283
6647
4686
4175
9907
3800
7389
3906
9452
3686
4478
7693
635
9413
2636
6302
3590
6892
6522
2526
336
477
1604
2312
4051
1682
9751
18
2318
4456
4511
6380
9560
7315
7596
6362
1415
8609
744
2871
5073
8097
677
7266
7922
3045
8397
2605
4643
2868
5779
1519
6725
4934
5901
2450
3923
1119
3856
7407
1067
2761
920
6565
2470
1433
3883
8701
256
2650
5733
4243
3671
7472
2485
5768
6317
4129
1177
6724
5504
2617
1232
72
4669
8489
3562
201
3327
2896
3845
679
3788
4631
2473
3994
9128
1985
9285
6218
1517
5817
2427
4692
2710
4542
5845
3957
5247
6107
266
4369
5280
7385
4967
268
462
2477
392
6989
980
4279
8451
1085
5582
2757
1713
1382
4232
9745
677
4946
7851
2502
373
7206
377
6873
1857
5032
6311
7171
4801
6488
5336
8673
2096
8105
5608
5267
3847
4293
3542
1989
7720
7562
6970
7433
1165
5428
544
2998
9837
8233
1237
1656
8487
3659
7157
1995
4224
9867
1559
6156
7437
3605
2265
2445
7801
3939
9111
8880
2653
3329
3200
1487
7028
6327
1874
146
7285
7986
3453
9732
8899
6218
7224
1149
8903
1545
3589
6981
4780
2868
6003
9177
6230
4100
812
6970
8767
2528
561
9141
6163
1026
1180
1304
4692
1875
6383
947
35
4323
8929
4744
5826
8338
3750
7810
8864
1213
4947
6239
564
1454
6897
8165
2286
8517
61
5771
6274
4716
3859
7938
8436
8019
3400
5202
5482
317
4807
7107
9133
5790
784
1775
9031
4230
5587
9269
7951
7731
9972
6691
643
7229
6861
2669
1552
9509
3224
3009
1742
5125
3468
2577
5865
6853
3361
5991
9863
2802
4567
9849
8708
5663
979
9129
6822
4460
6548
3236
6265
9608
3280
2983
5365
4960
5563
5796
8128
2829
2956
42
4183
5902
4592
6967
6092
809
3575
3618
9964
4481
5425
7960
4928
4921
5648
9722
9799
1350
8459
1714
787
4291
2429
3770
1091
340
1610
4739
5634
227
3517
9173
1889
3763
1966
5725
1062
8615
2726
6234
3862
7221
9941
4661
9067
1164
580
2468
1786
550
4426
5957
5455
7654
7329
915
602
8569
262
5247
4255
3809
2311
4148
4581
1712
4087
2294
6036
1200
9044
8439
7264
8021
5993
4057
2454
34
5193
7662
6361
9663
7323
5079
2774
9895
8558
6675
2421
877
3955
1783
3124
6733
9194
813
6954
773
2310
4419
8247
9304
5072
1907
8490
1994
7382
9676
9175
4810
5420
6552
4249
9736
6464
5743
9171
5132
7893
9742
6856
9721
7320
424
9745
9210
6707
942
851
3011
7653
4710
8622
1013
2517
864
8145
4114
9158
2671
5629
1247
7150
8972
3988
3241
9294
4662
3467
2101
5229
2315
8174
4387
4874
3205
5206
1026
2672
537
7778
6234
4581
344
1417
2257
5656
12
3959
5178
8611
662
8497
3881
5293
9620
6644
6221
3205
9469
8943
7127
4113
5973
6638
1952
4469
8329
9078
5524
7509
4573
5053
5002
2366
7552
2628
585
5723
9996
3653
9083
7452
4632
2468
1821
2251
9103
4083
4237
7639
2992
7769
1491
7995
5597
7379
456
4503
1182
6991
1933
6705
59
321
7040
9392
1445
6499
9273
4517
7266
2478
270
7157
2730
3990
3438
8925
4363
2979
2050
863
3703
8638
4653
5887
8947
136
9579
7656
665
9353
1892
5978
4260
7083
3357
6392
5538
5096
3521
8858
7041
1402
1350
3981
8536
3223
9584
5090
8755
5953
8293
5419
6760
817
5766
27
7030
5038
5277
2374
9375
3054
8066
3291
4171
4481
963
9617
1920
7235
3761
8438
4427
3181
455
7600
5739
4490
9667
91
4022
7062
2326
4100
4200
8243
3010
2281
8460
1471
1765
9323
7735
5663
9781
3143
3973
5609
6152
999
6489
7294
5267
7655
5594
4108
8086
3895
6179
8985
1499
6744
2309
8135
2559
1331
2143
8862
1504
6746
2204
3010
1132
5361
8355
8717
866
2113
8809
1632
6829
9739
728
6601
8675
5353
3976
2945
9559
6086
2407
9099
531
4238
2639
2314
1782
7960
1743
3917
2688
2027
4394
7038
1041
4166
4967
7139
6706
8009
9920
906
6940
9678
3945
8674
3219
3876
6450
3715
1715
1449
4381
3962
7077
355
830
8009
9693
2312
9487
4632
8370
4011
8999
7163
974
2741
3431
6686
8986
7909
2399
4101
8471
1807
8364
5557
9478
7834
1334
864
8219
9461
9903
6187
8869
4584
9487
7987
3921
4624
3003
5844
9558
1870
8723
6716
4332
2921
7192
3306
8005
1925
7012
2239
1362
3152
9976
790
575
9128
7939
950
62
2480
9629
3834
8623
1458
3580
1199
2024
5250
2855
5050
6815
8905
1977
1038
7004
3323
6750
6538
8328
5918
4573
1822
8924
5244
7162
2225
9033
482
1988
724
1540
4317
665
1057
9437
3936
7246
2745
349
296
6270
7210
2123
7227
2948
7823
5054
3852
4847
3700
4164
8702
1047
8945
8135
9094
1701
8966
2127
4247
7592
8254
1605
5825
6464
7013
8576
5554
9469
7636
7872
4968
3256
4357
3458
982
9209
6367
6861
5262
6948
5417
9770
1124
3589
2613
2315
5876
9673
6032
1814
844
2977
6541
109
3343
6173
6914
404
3899
8591
5032
309
8675
1844
9653
7341
1968
7537
2799
8224
767
3009
7778
3938
2664
198
3350
332
7908
9733
7330
9533
9950
9138
7503
6203
5708
6104
4223
2493
3258
9511
8983
588
1645
7246
6819
9398
8683
5179
1175
4123
4740
1499
4973
1124
5323
3633
6493
1690
6240
4184
8221
7211
4054
3453
146
6951
2122
6989
2629
5289
2203
1440
6872
5173
6763
5135
1962
2535
3796
8360
2303
1272
2315
6550
2053
7984
9076
9245
3023
6172
5727
2783
6628
8311
5006
9594
2652
7193
7368
3468
5355
1623
1093
7862
356
6682
7492
3070
1947
8175
3729
9777
6062
7886
8284
5331
3351
1090
3109
2262
1866
6281
4224
8255
3681
7994
8668
6878
1126
8111
6588
4795
2854
4137
1467
3293
7469
5733
7550
1122
8727
7170
6211
8718
8607
7363
8690
3346
6656
2061
2517
4297
6587
5811
1730
3474
9746
887
7156
2402
3162
7129
5433
235
5644
3603
1251
6400
7158
2474
4101
2233
8012
9491
510
958
8315
8043
6074
8350
1426
9590
5854
5976
6892
5867
5988
2896
5624
7203
907
4709
2439
1287
3256
4090
8990
9218
6962
7689
195
3898
4433
7321
9543
4051
3559
5747
6435
9435
2139
1403
786
2052
9962
8270
9877
88
9456
7996
8425
2203
9282
6666
1903
3211
8455
4902
9790
1674
1891
5291
3442
9778
48
7714
840
1635
6496
4669
4022
8803
4478
4549
4331
7025
4721
3654
7818
6410
7656
4032
7029
4453
368
1245
5622
3189
593
1297
513
3489
3644
9326
3277
9159
6453
551
1398
135
8308
8953
6604
3235
1316
2754
2789
3804
8244
5686
3866
5415
5377
9694
7170
4536
8181
6245
8336
4590
5749
9190
7358
3888
2507
9006
7247
3216
1589
4201
7916
8406
4861
7132
9547
3322
4500
8970
3366
8102
9391
2745
1025
5167
3931
5711
9550
5636
929
6857
8146
9428
5496
6407
8823
5503
1158
9095
49
3143
5042
3361
3594
8173
942
2189
9102
7039
3635
4575
552
2304
9429
1382
527
7964
5034
4563
5624
1179
3715
5032
7022
6432
602
9543
5569
8514
1634
3061
7014
1696
4537
8570
6686
7112
3829
4550
8973
3073
4398
1627
19
2155
644
5658
2757
9201
9248
5283
9798
2503
1188
1840
2007
891
9239
9800
2142
2560
9683
6196
7950
7471
1820
9267
4339
6499
1596
6621
347
3976
4567
5582
3871
4480
1130
7715
7453
599
3488
5272
6648
824
8038
8580
4297
4259
3779
4325
3058
2461
6304
4412
1753
5483
6690
2169
8968
2857
6313
6541
4244
2705
1805
3538
484
9991
7540
7927
9972
4790
68
9730
2687
3378
6248
5040
8222
6144
8390
6012
8492
4190
4508
302
3450
7813
7283
3231
5583
5588
6455
1802
6838
6864
1290
2423
9894
2814
6564
2891
2493
4749
3803
650
7340
4776
3441
7172
9257
7200
2788
1321
155
3198
1273
7898
8913
100
603
1405
2881
1028
5254
2306
765
3732
264
681
1393
9789
1596
1247
4103
3154
4454
9571
1634
51
9178
6352
2275
5756
2024
1076
9800
3887
2260
8461
7825
3225
2024
5820
8114
2362
3209
8652
1210
7173
8220
4516
3677
216
5151
3412
773
4336
4963
4842
7810
5551
7047
2211
6496
7481
7841
7089
4478
3412
3133
6408
3596
9484
799
3853
5124
3251
2232
6519
9037
4698
1013
8371
9681
2881
6959
3297
2033
4352
5845
3693
9153
1494
2211
3410
2270
6728
2277
5927
6472
1729
5153
3457
6806
5829
9213
6803
8683
6031
6005
22
4963
6629
7766
992
4736
9040
189
9192
2790
9640
7425
4409
3273
6173
9649
4283
1487
8770
5114
2939
2202
9716
4130
8922
8733
9020
993
3252
1652
7873
9930
1171
8712
1050
9302
7475
5349
6490
2862
9465
2168
6122
588
7028
7004
8359
3744
5174
9395
8013
7788
728
2138
5390
5416
7758
4709
1740
212
8712
181
6175
906
3897
4014
1746
723
2686
3877
682
5731
6786
3986
9872
867
4998
434
433
7571
4830
6141
2054
7612
1577
8599
8348
5692
980
7840
6051
4412
8775
5722
3230
5930
5835
5207
3482
8243
4447
7361
2738
6275
6433
7540
4796
6411
6748
5574
7266
7125
3726
779
5346
9537
4974
8538
5225
8966
5386
3250
2709
757
7347
4716
5195
40
3550
6249
3935
2188
3381
2886
2210
4377
4932
5192
3023
1292
5814
7410
868
5387
7287
8104
8045
9397
1874
6616
719
4106
3978
3350
7295
8095
7063
5508
1863
9809
1885
2512
1946
9464
3994
2231
6357
1440
2938
369
787
3879
3281
886
1187
9080
5903
1494
1587
1554
5614
5129
1311
5096
2321
4974
1645
4527
5812
1630
8579
7
4558
6110
7287
8084
10
7251
6516
838
6663
5477
3774
5083
9556
474
2350
829
5035
9836
2238
5086
4556
8160
5081
1979
8243
2926
8499
3404
3662
7991
2372
9840
9023
8357
8573
5068
1876
997
1028
3722
3337
7106
5710
3196
3202
3562
1293
2218
4180
5855
4072
4440
7586
6487
6658
3122
239
6216
5339
9083
1877
6579
8692
3431
7397
7367
9348
1131
9580
1372
1288
7015
4967
458
8554
8199
4816
8587
8594
5535
5774
4717
746
2204
2464
7449
7619
9634
928
4165
3607
8657
4978
8735
7375
4415
327
8693
1894
4708
3764
6337
5035
1925
2581
6459
1782
1139
6726
835
1909
9359
483
1757
2949
864
5788
1289
2912
8590
3994
2776
1095
152
3568
1745
642
1122
6132
8419
4341
1196
146
7199
2439
9107
8036
6636
796
7612
4474
7272
2303
9928
1185
2150
7599
8043
5377
4260
2063
3768
4919
2311
2191
3572
2399
6873
9820
4832
4526
5202
9721
2673
3616
8663
7737
336
5305
4040
869
6909
4577
1713
726
4758
2197
3602
2848
2740
9763
3643
849
5458
5733
8775
4922
6697
2704
4730
6928
5424
3877
2953
4546
798
321
4466
1031
1409
8797
4788
6233
8077
1406
4087
3891
2896
5692
3451
8697
458
9595
1318
8301
7664
61
3349
5513
2009
263
8021
5008
7097
5766
9121
4637
6451
3518
2143
6692
7912
5359
517
3551
8230
8919
7278
6248
8793
5836
8859
5403
2577
1838
327
9401
4911
506
4424
2849
9944
9551
1490
5567
6050
1359
5094
7707
3266
6543
5094
5458
4783
693
8270
1025
8840
7398
765
5418
967
2392
8567
3679
7990
2575
1202
3700
2464
5665
2110
917
9091
6580
6279
7647
718
400
1001
8032
2642
66
3724
2702
3163
2878
4182
623
4540
7541
5271
8426
425
5408
5256
6404
8770
816
1809
788
7504
9363
1276
643
5497
54
9378
7171
413
4195
6848
8612
8385
2868
8838
6721
1418
888
4420
3113
8187
781
9080
3102
6503
7596
7346
6477
7148
918
2522
3378
1220
4019
8325
654
6279
2468
3868
6906
1390
9357
5697
5293
9270
3546
2708
3427
8146
4178
1470
6938
2841
4008
1757
8429
5302
4715
3482
1156
4372
9292
4643
4284
5100
9101
8452
22
7768
5426
2499
794
6881
1918
6069
5085
9665
4193
7455
9783
1277
6307
774
7107
9330
9383
7686
9397
9902
4952
3714
7520
397
2932
7820
6863
1288
8498
7923
7170
641
7724
581
1819
3855
716
3969
2269
8003
1800
7892
3724
4895
8339
4555
8338
6603
4903
4493
7017
6979
7628
7366
7249
7663
9879
7084
7295
5793
4433
194
3459
9760
8651
6497
8701
7965
1166
4647
5416
7603
4462
615
5677
7802
8718
2683
5523
4336
1639
4961
1836
3627
2992
1588
3078
5831
5775
6200
480
2467
8004
6797
6749
4756
1008
9495
1658
9548
6647
826
6036
2430
2194
9458
9349
7050
811
399
8497
648
5280
9659
2789
8010
3542
1688
9621
7614
2092
1382
3713
444
7427
5050
2322
9723
9173
9622
9187
7913
3193
9437
7474
8872
8201
8686
6431
2926
4924
9434
1576
8495
4556
4009
373
5750
9412
4745
5588
5760
5295
5005
836
493
4074
3610
5276
625
8806
6733
7551
1205
426
8962
3741
9505
1212
4580
3830
6318
7992
253
2387
1557
739
4891
1915
6791
2176
5691
4433
2633
9289
6700
2185
6991
7411
8485
3937
1380
4209
9927
8790
1207
3416
6634
2527
9628
7338
5960
235
7272
5103
1465
4308
6994
3208
544
39
3906
6218
779
1862
7361
7351
4088
8332
803
4797
1548
3631
4315
5696
4156
4231
356
5255
1191
8647
9731
7422
9955
7014
2154
3941
3549
737
8832
9809
3573
9003
9187
7986
5962
6975
3606
8562
8291
5340
9514
3178
3045
8799
7289
9102
5517
2781
5320
4557
7061
1596
8762
7580
8362
4587
8272
5056
6173
10
1965
3156
4678
776
203
5401
4529
7268
3843
7375
6495
2842
3171
5900
5870
3124
6795
1686
3480
7360
7736
4527
2270
8722
3828
1242
1104
1239
7561
8692
3548
5481
9884
7195
3808
3545
7638
5003
5192
3285
3187
6919
3611
8723
7792
9563
2704
3975
5069
8861
8445
2099
460
7814
2570
95
8087
8399
883
2211
6161
4471
8199
7459
1909
2307
4771
6636
2232
9355
8004
7151
4764
602
6390
7217
5526
6698
686
7451
273
8101
8413
5996
270
9431
1668
8663
6035
2025
9652
947
9666
4811
4746
5575
2309
2795
1139
1391
8079
4644
4383
3988
9212
4288
4453
5183
3806
7515
2919
7252
1042
5316
618
517
695
856
4084
7315
8092
3475
2915
6388
4309
3543
9837
1223
8701
4198
8958
5350
4874
8705
9967
4827
4863
2495
804
1208
2270
8883
96
8617
7995
1937
1473
3881
3160
7434
935
5820
8583
2095
797
7075
5797
8854
808
2602
4525
4820
3906
4261
7523
3892
8776
2155
8969
7777
8236
5986
4639
1082
1201
2896
4432
9992
9237
4527
9521
274
4325
77
6298
5111
8799
7328
7336
9820
2611
3568
1801
6855
5835
4992
3861
7281
3210
9827
1448
8446
7091
290
8121
5715
2960
7477
6970
8752
6001
9544
2753
4173
8517
4220
5526
9155
6240
5083
2359
6518
6994
2181
4015
8309
9231
5300
7413
6123
2691
1304
1179
7796
1087
939
4041
865
9281
4536
8611
5863
5930
4539
513
4252
8437
9455
4099
1088
9081
5719
5797
1726
5015
6188
2520
5334
7219
7848
641
4509
5324
3650
8635
5975
8444
1062
5965
3835
9534
5892
4535
6060
5450
2687
9411
8497
3656
4044
2333
5607
3826
8298
7225
5071
1483
2828
9061
2799
434
2910
2369
6075
4912
243
7416
7302
4791
6567
213
6788
611
2918
395
1832
2344
6699
5280
5532
4543
1714
881
9938
4918
7504
8578
4201
2854
6009
4333
7001
6291
6547
6861
9231
5786
3189
9333
2116
2821
3699
3519
6123
3199
1327
9309
6617
6100
4769
4001
2773
7379
8925
8518
5076
5217
4835
8076
36
6757
1888
324
6359
9361
6425
1487
1802
8604
4262
7324
5409
4017
556
8857
6286
8830
3066
9644
3669
6101
3188
40
1051
4741
6895
48
5037
3729
2176
7242
4000
9462
5450
3829
4763
5541
4523
6067
7905
7414
600
2084
4780
6592
2583
7160
1805
1999
8058
5316
9236
6353
5868
873
5243
3065
9633
8062
4991
9170
8730
7013
388
7727
1772
1982
6638
6668
8092
9906
6527
533
3374
6515
8205
7901
1499
2278
8836
8850
5166
4943
5730
8220
5127
6660
7235
627
4194
2632
4291
5834
930
114
5661
6574
8932
3289
3718
5149
5680
7742
7818
3087
57
2258
9848
6624
6676
9286
7099
4006
3482
4544
6181
7301
6621
1409
4238
4177
114
1085
1641
332
2129
3709
6050
2577
3300
7280
404
6929
1119
7165
5878
2705
5756
9339
1171
6951
6818
51
4872
1523
9682
4620
8170
39
9864
9478
937
9049
6003
1222
101
132
3694
3618
8778
3562
3443
8050
6907
6875
1055
1360
3452
9767
7147
5585
841
6195
9779
1749
2409
965
9142
5722
1430
2604
3526
4826
8143
5524
8363
431
6525
9392
8323
7312
4778
2140
127
3387
5814
7413
7663
1010
1713
2869
3467
661
4660
1352
1655
1370
477
2123
9082
4284
309
5024
735
9932
2040
7544
7139
3074
9210
3902
5976
9703
867
9904
4963
726
8212
2518
5070
189
1286
2795
4987
9583
7886
9105
6797
7348
16
3950
4800
8067
6514
7877
9621
5253
3626
3826
9100
1224
5521
2450
6782
2457
5568
4741
7011
8986
5388
5360
4873
8071
8331
794
8126
5321
8979
2696
7322
950
6372
8007
740
6428
8335
8141
1752
17
5968
8885
3775
4687
1511
6932
6518
1898
64
7598
8330
7578
4605
5190
5498
9584
3862
239
3699
9159
8128
7600
3365
3675
4895
9907
8787
872
2072
7606
3832
3496
9256
2917
8496
9610
6596
5707
2399
9085
3172
2819
9863
9404
5391
8921
600
5868
4039
2086
7057
2557
7345
5927
710
8704
7917
8179
2084
9736
8027
881
1985
2736
3511
2000
6648
8185
8870
7092
2292
1184
5337
450
9291
9451
1744
7792
2373
6003
8804
7807
7887
9859
3874
3807
1873
619
244
931
328
6192
9404
4659
8645
2238
890
871
3578
4008
3743
8565
6791
1854
501
2976
4771
9965
3589
7142
8584
8789
256
3197
4506
5421
852
9928
1146
1548
9609
8587
2752
4575
5981
9510
5865
7195
6686
2603
2791
1056
3056
9090
3897
2538
7622
2422
5767
8386
7482
7480
280
2310
508
9879
3444
4338
4070
1392
1794
8466
8854
7112
9693
8692
4783
4666
1525
7905
1837
4405
9175
7237
9055
4236
9871
976
9545
3146
5838
2001
2778
5019
8097
7948
4024
4061
9049
8058
996
4281
1443
5135
7052
8692
9729
7972
38
1668
7190
1062
507
1790
5665
3179
5315
4856
877
8124
2077
4508
3920
1105
1895
750
4643
7220
1279
4965
3075
8557
971
5491
6346
5432
2504
5989
6462
6369
799
9373
126
3465
1418
4495
9720
9528
9706
966
9118
6602
1576
2087
767
8159
5024
7872
9876
5671
7935
1966
4718
9209
3372
1862
4081
3754
6131
6136
6339
8449
6379
8134
5153
68
4347
540
5130
2310
4425
1
190
4801
6652
8418
2094
8995
2873
9308
9369
1466
9956
7635
5792
190
6596
686
8931
6961
1632
9973
659
5792
8571
3828
2701
1774
9385
4422
5136
6053
4723
8866
5088
9835
9850
4761
1454
199
6233
7748
547
6297
7105
2121
8270
5657
6130
2867
1644
9836
2326
1158
8062
1834
7961
4199
5763
852
2968
5030
383
3117
8640
198
2739
2079
1586
1530
3695
5472
912
5430
7578
8499
5760
1863
3751
5559
2584
2011
4674
2257
5020
1491
3129
6411
5293
1400
1543
101
5013
1962
4055
9222
3375
9014
3710
9796
8034
8841
6063
6443
6304
7392
2938
1608
2130
1671
6893
4631
4541
7393
639
4350
3264
5586
6151
3310
2473
3398
1607
5714
1406
5882
6469
6793
7427
5764
2546
9695
3613
1404
4578
5145
3730
1061
872
5408
6595
3079
7612
5288
3628
7269
1653
3898
5938
6651
7865
7925
8355
7806
764
6615
2366
8481
2236
5734
9630
2556
6609
6345
6953
846
5729
379
3534
1175
8346
1693
7882
2020
5237
6728
7442
3249
6242
6690
4320
7548
7291
4389
6424
3959
6201
6635
1274
2439
6266
7033
9483
863
3269
6843
1818
1059
1311
6493
8388
392
3373
3144
1723
7488
5822
3582
3731
4384
5068
3683
7040
8413
6145
2851
3298
9702
3738
5038
3690
8446
9727
9088
9634
3830
4259
2054
8277
1739
8354
2434
9567
9868
3967
8027
9553
4828
9572
6006
8290
8305
6329
624
3900
4901
6961
6500
3021
3993
1026
8667
9743
8281
2110
763
5772
5918
4893
133
7000
5688
2820
225
8330
3159
220
9061
9328
42
4607
3676
9031
6300
1037
2497
199
7841
7396
3888
8952
6239
7162
6257
9703
9102
5590
3161
7718
7646
5668
4601
6250
7330
876
9010
5601
508
9347
4524
3117
6422
4766
8536
6800
9245
484
2737
8957
5423
3865
8906
3825
6179
5768
874
6928
6930
6908
5541
2575
9376
4144
7240
27
2346
3104
835
958
9528
7728
3456
869
7588
4643
943
5768
4456
6193
907
5679
6652
1563
9182
1292
8029
1156
5449
152
3141
4702
9995
5260
1924
2599
9274
3850
1670
9207
577
8312
6267
3569
1461
9147
4099
8519
6139
7203
3135
3725
4572
5149
3139
1018
7170
5527
9821
6269
6413
5080
8019
8529
1232
6239
3033
1042
3444
8011
8452
3848
9306
9382
2994
2311
2421
6213
1641
7221
9263
4492
4984
6894
3942
4349
6599
3003
9351
8076
9109
3814
8280
5578
4787
5765
6133
9710
6153
5755
2193
8777
807
524
4921
3303
4297
1588
4165
121
8125
3667
3496
2997
2958
1682
944
7517
57
9889
14
1713
1467
9804
2723
9065
2307
6718
7951
5662
9323
3312
7395
1029
463
2030
4443
5289
4106
8560
5905
1915
4163
7112
7213
9498
4588
7596
2498
5798
6391
608
3563
9023
2921
4184
2273
5888
9360
1857
4948
819
1859
9633
7481
89
1809
8145
543
3017
9564
8777
8361
6669
6514
4681
402
1010
8043
7060
288
5417
7652
3828
3893
40
89
1585
6767
9222
4436
8805
3640
9523
5275
4556
9668
6683
2703
1380
3520
568
1390
3971
144
7783
618
9424
6410
6241
442
3853
7354
1003
3619
5545
4200
1397
7707
789
9489
3308
9185
9671
8233
1988
9869
654
9713
9782
5776
1712
383
5923
4614
5964
3183
4857
4517
9916
4264
7259
9775
4135
5467
6953
1882
2123
4855
5062
6614
6890
976
2058
2828
1518
778
3319
7580
9905
2583
5181
3278
2736
6299
8384
3520
8793
2702
4322
5936
9984
9034
5428
9833
976
5986
9685
1911
6960
9098
5795
5415
8067
2997
3075
9917
1511
6223
92
5163
2050
3974
6339
6818
3103
6298
8900
2146
2859
3161
7590
3766
9206
6236
697
4907
7743
7230
3110
9744
159
5985
6266
8537
9182
3011
7351
3563
8533
4840
4916
4477
5726
6240
883
4520
6440
2646
2873
6764
1075
7075
8344
6403
1032
2770
5061
5118
3700
1797
8912
8105
4344
2856
8108
196
6870
3282
5698
4505
9419
5278
5748
8292
8920
4454
3269
7770
8371
5289
7690
7520
5156
8273
6391
3436
1800
2581
1288
4284
6479
9282
6450
5337
2971
7951
5192
9151
887
4258
1189
8250
9927
1088
9733
7156
2633
8986
2636
8485
2989
9959
2889
7134
3112
5771
603
6096
5885
7129
5727
9514
8156
6038
8533
3222
2907
7703
244
885
3785
4594
8129
3612
3811
9241
2437
7552
6107
8476
8155
1099
3383
9191
6856
4951
9932
6836
8429
3903
4026
4622
5703
4109
2994
9728
7550
9461
2065
2196
1807
4109
9569
5614
7640
7415
4839
4440
1811
5924
5187
2964
8682
6856
1907
728
9218
2662
7339
539
3071
3086
2384
8032
7476
6555
2569
7556
7258
5592
9921
4741
8620
1725
1712
1811
2541
1294
9902
2674
6444
2466
1071
7177
6753
2655
7368
7350
5916
8375
5627
6252
4939
7649
6276
2853
1885
791
4738
7521
3789
8398
1949
8641
3705
8805
3753
9643
9203
2516
1143
222
9557
5513
4039
9209
2053
5388
2223
6845
1708
4676
8046
7928
8340
2450
2690
30
1047
1357
9046
8398
9948
9200
64
5155
6411
7461
6892
5748
7285
8161
1597
975
8321
4674
7724
2178
9004
8673
2886
6582
6156
8931
4507
820
2689
7616
3169
6149
520
2190
2951
8821
9684
733
7706
8876
7947
4663
3885
6503
1633
5269
6904
285
1
1091
2984
8225
6275
8392
1939
9614
6017
6467
4851
7004
5341
2747
1318
5035
1543
3332
5458
4297
8458
4991
9024
8647
6610
983
602
9796
5484
2899
8820
9812
839
8254
3304
9869
6810
8983
5544
6625
1137
2914
318
31
7427
7448
4629
8305
5147
3291
3871
7570
4556
6945
5442
4600
5040
7149
6913
1298
7380
6003
1825
4694
6146
6171
6302
8539
4360
95
4493
5630
8139
8831
9443
9831
1977
262
7989
5487
33
1232
8782
1863
1532
8086
641
3293
2007
8924
3749
5278
5831
2228
4335
2481
2847
8964
9999
6990
1609
5934
6122
5569
1325
7037
3907
8453
953
2963
682
6714
5630
2393
8416
5174
2854
7879
9075
4198
5740
9905
6857
2389
9782
8117
11
6551
889
7752
8001
2418
9629
6426
8392
101
6019
4820
115
4165
8872
4272
8906
9741
7274
9959
5645
6483
7528
6711
1129
601
37
1313
9461
180
1405
1591
7929
1812
332
2680
8982
6905
3477
7444
1746
2729
7067
7133
2237
4100
7132
2581
9471
8927
4461
4345
4492
152
5465
4115
6719
3065
5686
5849
6272
9769
1415
5456
4781
8255
3651
8569
6532
5996
5839
7583
4753
1053
850
4877
9127
1181
4226
228
7141
3539
8476
5515
4188
3115
4294
2086
4591
6530
1085
3607
163
9858
3008
7586
1339
3724
2668
857
7287
7343
3631
8323
9680
8138
6996
2965
5266
3009
8789
2692
345
5446
2760
9386
2912
9881
6621
6299
1991
7986
9903
6630
98
1012
416
8864
2681
4545
830
8493
6224
4084
9556
9540
4716
796
5963
3356
7978
2633
1474
3284
9876
5232
4945
4751
1692
4494
1844
6629
4817
2226
5539
4957
7908
4282
4633
7618
9642
8076
9997
6319
9000
3773
2893
6493
5828
7789
4186
2277
572
3870
1944
7292
5713
5843
9014
590
3840
5725
7036
4232
3554
8122
9354
815
3690
6723
1924
8776
3140
8960
8652
479
3949
9753
3209
7318
9764
2618
3641
9663
9215
6096
755
8531
5549
4201
1698
6014
5579
7169
2907
1099
4799
2294
1868
7448
7467
8450
4492
4754
800
6629
2903
5548
3520
1735
6891
1889
6809
3757
775
6938
9867
21
4716
7548
5045
6741
5392
8015
6736
8282
9594
1893
9776
6515
2854
4157
6775
1250
1555
7751
74
8929
5499
4110
8730
6000
5555
4373
9452
9043
2498
9978
4794
4487
6677
5924
6910
5534
2382
5382
4142
8713
3373
940
2915
1428
169
2098
8474
3713
3111
1742
6118
5731
4642
5174
833
4354
3610
1712
3678
1888
1420
2276
918
8397
4540
3512
7181
4201
4301
3049
8844
5148
3598
9149
1969
624
9385
9808
4564
3738
514
9841
7093
1024
4363
3993
5205
52
9685
8558
9439
3038
3212
6741
3824
7913
5460
3092
8176
3318
5467
5037
4244
4929
977
1209
8734
3305
9110
7626
4488
3514
9844
9374
5374
855
3523
6897
681
381
7851
9176
3395
8646
2234
9978
3566
4574
9910
4901
1162
992
1927
6366
9105
6674
8203
4243
6649
2855
8497
5048
8155
652
2989
8386
3326
8655
2914
8463
971
4650
9832
2360
371
1557
1945
3387
798
8951
2654
8483
4442
5787
4758
4472
9818
1352
9374
8017
1666
3207
5371
8237
2120
6330
4680
1972
2495
8982
274
6297
9549
8786
6960
9723
3139
9681
4291
7669
5760
120
8148
8937
7642
9290
2357
4796
349
7475
5334
338
5450
3863
7307
8168
1076
2390
9733
2006
715
7996
2598
2317
9463
9080
5784
5368
7703
4629
4633
1517
2344
2280
6194
8968
1117
5124
3760
5241
1428
1142
7086
2926
8890
2774
3467
2313
45
807
7674
2065
99
2854
6044
4374
2144
5731
6663
7704
6229
6987
3064
1937
3931
1428
9699
4864
8067
8208
9038
6438
4143
5554
4438
5680
1490
4718
7452
6631
6441
4297
5232
418
4035
9128
8357
9349
9646
602
6843
2456
2801
1606
7787
9734
2269
4966
4759
5473
9959
5483
8648
189
9564
3899
8410
330
1399
3020
6442
4548
3535
885
2874
3749
8071
1695
672
4419
9934
5316
648
2548
5172
9518
3905
3002
5295
7708
6113
5973
660
9775
6433
5442
167
9159
1157
444
4795
1592
8646
2906
1563
3206
8546
4700
4238
623
6829
6166
5352
723
9121
5836
5690
1034
3033
2506
1173
2935
9641
6146
6493
3947
6090
3813
878
4121
4208
5406
9543
7630
2698
6706
9428
4827
9127
5726
8483
6522
5119
1158
1232
8726
8480
8750
4304
5725
3670
5433
3335
3841
357
5395
7649
2906
2286
4423
8201
6029
7367
6287
6120
758
8085
6706
3379
7573
480
5503
481
3502
8504
9213
1044
486
5336
4455
1833
5124
3300
4362
7865
8204
7229
2639
4751
6421
2960
2191
9412
8710
7020
1293
5488
7986
7718
9535
3727
9560
8018
5177
5775
4775
1807
3636
6021
1244
4981
2688
3896
457
7022
1820
7151
9965
2342
2512
4451
5606
4351
6373
5862
4074
3399
1356
7375
9017
4331
2694
4170
9117
1026
3577
9570
8024
4974
177
7929
4875
4333
5646
2627
9935
7363
3881
1126
2220
886
3727
2602
5173
582
5415
4398
5511
5321
5793
7350
3173
1041
4625
1857
1814
289
7782
7481
3934
7656
5340
8424
790
2983
3639
627
345
2404
3976
6472
2608
8843
2025
3830
5836
632
145
1913
1325
7142
3682
9835
1488
8313
8424
5738
7894
9333
2540
5763
4870
458
4626
1568
7222
3461
2280
7807
2442
9443
5583
3821
7393
2489
5451
1745
4737
7453
8638
305
5979
990
9048
7004
917
8320
6025
2190
7849
1980
3086
5753
6734
4559
564
8365
3755
8554
3080
1160
1473
2403
421
3408
6715
2434
6848
3114
7290
5468
169
9813
1915
4822
3412
6682
6138
7275
1846
3972
3761
8738
8965
6684
8149
1756
2564
3066
5688
8505
49
3596
3475
6676
9180
2724
4063
6420
2216
5690
8419
8660
9808
4241
5482
1527
6652
7244
3176
8606
6278
4665
6557
2022
8592
5978
3367
4885
912
887
5641
6548
2601
8662
147
5154
5105
5850
6290
9649
5507
2679
3091
5966
2634
5320
1281
2387
7978
5771
2554
8780
8697
3711
7596
1502
3313
4777
9324
4969
3547
8440
9255
4645
7269
4150
2920
917
1167
6012
5921
3134
719
9647
4042
6906
9426
7125
7026
1317
9525
8717
3293
4725
4033
5818
7258
5076
5537
4674
8324
9911
9336
7837
3649
7906
3353
7119
9891
1531
1975
3955
9925
7911
4497
4522
6187
9099
4178
8672
5014
3
3181
8833
9128
9200
9653
8275
12
6666
9426
8163
2555
2473
371
2646
5823
2489
1474
740
6587
7976
844
2776
2775
5744
6066
1870
3897
381
1286
480
7787
5690
6734
2102
4811
6212
5863
8927
6214
4534
5557
9116
545
5394
2309
7074
3688
8937
4559
7077
254
979
2753
8320
678
498
8151
1710
5888
7087
39
3567
2834
2391
1983
4394
4484
3778
6814
9975
7511
4959
5569
196
517
37
3753
784
4610
7039
6556
7911
5203
7880
874
4115
8826
875
4437
5869
2376
1235
5886
8256
9181
7666
5013
4909
2250
8642
7408
2694
9228
5226
6184
3949
6028
3982
3759
9103
7231
469
6641
9214
9698
1611
6926
8504
3883
6125
1579
4183
5908
1767
1476
8635
8907
3432
8510
5345
1620
9499
7556
5575
8048
6965
877
8099
9623
5887
6219
2498
4238
2971
446
8544
6802
5586
5015
4097
2692
7584
7923
8535
1589
8691
234
5746
5111
1101
6666
3623
1522
8415
9546
3574
9551
6922
3253
6880
7074
8673
9246
8697
30
1300
5299
1294
6526
3486
4049
9010
6993
9039
349
3852
3247
1864
1433
7942
5023
6415
1266
2082
4459
2104
6318
5265
3907
1000
5806
1418
4404
388
8646
5456
273
4668
4713
2499
5313
3130
2543
3298
1750
3810
4364
6044
4382
1462
5094
4256
4934
421
6303
8022
4740
3451
8071
5708
5284
2945
6993
9036
5849
5143
4682
2450
7651
1932
1519
1692
5378
8653
8692
3527
1836
9601
5804
9560
1352
2745
100
3754
2495
2087
2905
3339
264
2462
7497
3960
7117
3040
424
9425
4745
8388
3696
2089
4609
5912
5103
9103
1431
4532
599
7555
8041
562
8886
3086
9151
4672
6777
1428
2485
3781
5181
5928
9711
2919
5890
9620
6874
6112
2061
2101
3611
5371
5431
30
1253
4725
7519
8873
7296
2981
3237
2493
6075
6227
8630
706
3393
6586
6345
2246
8367
4694
8720
9884
3702
5743
7549
2599
9376
6121
2816
3747
1148
8890
8614
1762
1866
7139
8811
292
4726
2477
8678
6368
2625
1918
8860
3147
1875
1167
5405
1498
1483
3067
4674
4319
7112
9364
3520
3654
8617
7504
6276
1106
9857
7112
9367
1518
4272
1417
8485
8264
8709
8613
3449
6746
2515
1727
6437
9700
6009
84
5478
8697
9509
7657
2382
8882
6491
1799
1335
4980
9873
3361
6249
8998
4653
4483
1798
3655
19
5690
9721
318
2871
4213
3025
9406
1583
9478
4219
495
1956
4573
2071
5479
9601
2157
743
6583
2200
9634
1460
6803
6403
3513
1721
5244
3505
2054
4862
3923
6602
9908
849
8353
5354
3735
6646
5276
8152
2010
8034
6960
9561
3203
6366
7278
77
2110
5632
6435
6709
3879
4781
5353
6297
2894
1540
2864
4018
1936
2825
736
4228
3297
7164
5205
6699
939
8275
5353
2717
6056
6275
1530
6502
4193
8033
1455
2838
6352
2152
9477
8998
9122
3472
4551
9416
5522
825
98
1091
8038
8655
2589
2604
7305
9240
1727
5776
9938
9063
1138
1832
4250
7076
5160
8257
2953
7555
8738
1517
6823
7354
9416
2834
2767
4344
2204
741
1806
4382
9441
1579
2984
5628
6780
1007
9698
4458
1623
2073
9141
8534
9803
5012
3193
3888
6097
9915
9648
9347
496
2841
2050
6721
721
8468
5869
5935
9058
8608
2259
824
4671
4948
4429
3799
7408
7559
960
6878
7680
6635
9290
7935
3506
4036
4150
1167
5449
3273
1739
1778
9639
5683
2799
9907
2385
7598
4354
8359
6104
8202
9182
7713
3722
6691
847
5382
1671
1466
5849
2541
1429
7315
2378
9648
3259
7336
4315
2516
5654
1068
8441
5484
9759
2737
1143
5601
3497
6667
8725
5442
7334
6347
6747
5508
2697
9987
1286
7480
124
4496
7375
8565
2978
3352
7434
7156
6396
5265
1275
5316
6542
3767
9278
5570
3082
4971
6029
8557
6427
7526
2480
3979
6123
8579
5405
437
851
749
2366
6487
5194
620
6604
7047
4121
7728
8956
2355
1498
2679
3304
3385
364
8176
1570
1467
8392
2577
3990
980
9044
4340
994
5073
85
169
1462
6150
6089
5724
2132
4924
9135
4400
6357
4859
8506
8831
3197
746
6481
9209
3096
2818
1369
8851
8257
9071
9876
8606
145
3285
8934
1939
7377
1248
1456
6651
5913
555
9701
8507
5972
3373
9029
1704
8693
3752
4571
5266
9977
13
2463
386
8488
9753
5807
6041
1150
7605
8892
8315
6940
4790
4417
5335
5437
7133
4887
1005
9199
1467
1656
1888
304
1758
2556
3846
6736
2881
1278
3315
6956
1267
1618
8844
2008
6048
116
189
974
9334
5668
9532
353
3835
5687
4939
2645
457
6933
8133
7263
6352
555
2984
9377
2800
748
8550
2016
958
8812
6289
9725
4192
4679
1402
8288
8819
8562
5917
3176
107
5887
9026
5328
8835
1903
16
9167
8457
5632
9732
3155
6470
7226
3882
6045
5264
752
7262
1766
7620
3504
2508
8140
8139
4702
2629
2307
6671
7702
5780
4215
9209
678
1786
2818
4167
2570
3416
3118
7097
2481
3167
5056
3676
9766
6633
4202
9058
7450
5515
9811
7656
7742
2339
1741
3529
9018
3030
3013
4987
256
6750
8834
8553
2088
7860
7009
1274
2879
1104
526
1017
5699
1281
6682
1747
8253
9360
7162
3833
5227
4047
5760
5508
4163
7916
9347
6001
1094
2724
7419
1754
7537
3402
7582
9219
8120
2322
9292
1104
7979
526
2724
8098
9426
4438
6550
5747
9286
1842
4224
8810
1810
9667
3506
6693
9560
8939
3925
1699
9671
7415
1097
6941
8240
9545
6325
5450
8359
2099
2480
776
3986
784
3144
4074
4686
8045
2804
4124
3933
4956
9528
8104
4649
3967
9998
4540
9199
9429
3373
3106
8942
5117
3505
8981
853
2285
7681
2285
5042
6188
5120
5616
8396
1477
7770
1553
5865
1249
7941
538
5489
3714
5065
7745
1073
4472
5701
443
4905
8784
5601
749
5741
8310
5677
9774
6644
2671
8547
890
4602
2972
5416
2551
1297
2425
5512
385
8361
5138
3977
3347
2941
1812
4825
2544
4241
9426
9115
6419
7692
2285
3194
5574
5256
3386
8723
653
7278
3932
9313
10
7344
480
5156
261
8468
4913
1662
4195
8755
5858
8205
9355
1216
6995
8629
8709
2264
5165
3665
56
5763
6281
7537
6356
6635
706
1791
9291
5252
2612
4789
9713
8659
3467
7827
9734
8326
5047
620
7665
2973
4912
1368
7722
6121
5654
1741
9917
4915
2196
3338
7493
8803
6868
713
1099
5348
7527
6571
5763
219
6984
4465
7273
4057
8604
752
6066
381
6726
2437
4491
6341
8804
7837
9236
1432
5665
7939
6668
7669
7781
5369
16
1629
8267
7265
6463
5576
3922
5649
3586
9082
3010
3295
9788
6605
7130
4515
405
9277
6404
3024
7433
8734
553
3540
8672
1423
3038
2799
5834
5932
3102
1438
2772
5361
7561
7381
6043
2830
6540
9520
6043
7
2269
9419
2136
7472
3721
7951
8666
4958
7214
2884
3558
2222
150
9402
4517
7805
5073
1037
3143
8874
4967
3485
1043
7977
7225
722
8832
2544
8015
1415
522
596
2964
2863
9365
3241
5812
3312
7308
249
7574
33
9776
9033
9368
2925
143
6780
1745
3497
4920
9561
1320
4769
6684
3300
9313
2410
1549
4797
6851
7770
5248
8956
3653
122
4615
1577
1116
8660
5523
3021
2418
463
9486
5381
7718
4019
2373
1199
9521
5525
1192
8248
9773
8008
9793
2110
2197
7547
6457
532
4057
8778
8217
2454
5318
4018
783
6695
5957
8587
6701
1607
1169
7260
5118
8532
7809
9862
4407
512
1294
9296
2127
1742
4093
3275
332
7210
2621
8383
9981
4792
4015
5673
4080
5061
41
6065
2974
4802
4575
861
2120
2491
7199
3789
413
364
2849
8341
259
6348
927
3512
599
7394
7757
3194
3667
9280
4226
2879
7480
3901
4285
2588
918
312
2149
9470
7881
6701
9374
6526
6520
7804
8528
1843
3125
7067
9031
8348
5839
6808
7987
2388
9518
9443
9787
8771
1020
2668
8433
2155
6987
1811
8591
6124
2588
7967
1844
5490
8155
5861
123
11
2899
3826
2127
1051
3508
2448
449
9548
5922
575
3416
8657
2550
9859
9495
6601
7041
2247
5181
1975
6768
6539
7123
8165
8722
8719
3098
8730
6987
2821
299
542
2841
5850
4345
8645
9613
1986
8091
4627
3174
4992
9494
7086
4779
7527
4279
3781
9344
917
2807
5476
5824
4022
1596
576
708
9716
1048
9723
2466
3597
898
4501
5757
572
6715
8680
5585
883
5447
8024
6806
7066
7816
9402
5497
3472
7903
2380
1904
1131
5796
5194
7897
7132
5936
995
9861
8407
3700
7404
8924
6092
5214
2996
8698
7193
9392
2085
9552
9490
7275
6715
2312
1732
9427
7025
2454
4840
3426
8593
2876
5321
9155
6472
6771
6800
4018
2929
188
1364
7966
8892
1421
7148
8528
9761
3157
7223
4213
6175
9793
9952
6306
8383
9772
3564
1220
4291
60
8984
6740
2023
1108
2716
5538
5131
575
999
2802
8775
59
2644
5421
6881
2346
1381
128
6826
6603
9424
1684
1774
9465
9829
2793
622
2194
6580
7952
3801
4116
2039
5800
6191
4
3232
4534
2868
2305
134
3544
9184
6161
2238
6225
1825
602
9111
1763
5858
1238
6539
2505
3707
8981
2928
5266
4047
1875
2659
3093
4576
1487
576
6794
613
4990
9284
8922
435
7233
5178
6412
7612
7805
2401
4804
7797
275
7447
3403
3429
6804
6315
1383
9477
4298
837
1455
4878
6971
7112
5030
4403
593
1625
9562
2747
3605
1533
9090
9424
4263
6614
8895
9313
1371
5590
3111
3494
6137
9193
6431
5590
1905
3172
634
6140
4656
9425
7173
6825
8043
9690
6984
2456
654
4041
3235
5675
4752
5985
4910
4637
3850
1211
7208
8424
2883
3015
1534
5821
5964
1057
4155
3432
5841
9400
38
2459
986
1662
2061
5445
8534
4948
3848
4654
6792
2948
4433
438
4141
3307
3306
3819
802
3892
3268
5029
8619
4116
2520
3281
4627
7337
5321
5703
490
6137
6755
7191
4918
7268
3224
7974
6651
5674
6690
2623
5389
9947
3161
9559
8956
2862
8834
4363
8705
2120
9966
765
5809
7660
7840
6650
4295
3162
6428
5433
3595
3002
1474
9057
7824
3627
9420
8793
4416
2118
5406
6065
9998
1992
396
3881
491
3277
3110
3435
3959
6447
4374
6794
4209
9433
1879
7323
15
8083
3409
575
2561
2252
3816
4713
463
5449
1448
5932
8255
3188
9307
2090
5134
1503
7988
1446
1621
1362
3334
117
2232
8711
7012
6193
9
2003
1053
2914
5068
9022
2334
6096
7071
8602
9588
8894
4575
9463
2597
7022
5808
995
5457
4254
4399
4551
744
5103
9752
6154
6701
818
4214
6713
3632
4434
6918
9134
778
2988
3010
3432
6922
6305
2000
4367
4860
7987
9144
59
9783
3820
5935
9519
7841
175
1950
5895
9505
851
5924
1523
8571
5089
2907
4438
8172
238
7492
7664
5182
2003
5448
6367
4525
8212
804
4511
2732
5337
7421
6337
1146
4281
9235
8779
6653
6425
92