326
325
514
360
20
368
962
885
501
80
334
684
384
428
61
481
155
53
491
119
445
982
619
859
830
783
214
410
814
266
885
296
574
108
885
57
183
161
422
248
248
475
54
416
125
812
278
379
445
328
686
137
102
330
7
322
863
938
636
871
956
342
450
733
390
679
263
741
300
76
989
913
421
819
507
216
869
179
478
692
53
352
882
26
391
633
506
195
802
44
851
957
125
396
94
240
499
975
695
225
886
175
48
626
585
450
333
172
566
686
784
664
200
549
147
392
851
801
588
132
863
827
210
655
235
482
168
806
847
457
585
707
160
938
874
656
254
468
365
670
65
274
204
524
723
427
266
741
817
625
143
131
605
451
928
287
319
430
132
719
588
422
719
732
783
944
466
266
351
740
207
813
32
52
95
888
338
73
219
997
641
304
742
360
665
836
671
318
445
550
842
178
592
616
570
448
166
898
864
443
681
916
35
887
993
679
764
36
745
783
537
100
603
77
57
228
303
613
342
197
109
842
378
401
906
71
64
43
496
540
438
104
777
572
807
70
662
56
739
234
802
100
504
657
644
293
144
982
758
208
671
690
283
370
248
289
630
203
56
997
917
15
32
919
184
275
138
517
397
279
480
780
861
732
25
932
396
263
102
832
368
403
982
807
845
989
56
481
468
19
551
854
531
918
509
869
202
257
511
86
59
80
133
109
194
4
750
535
681
149
596
948
626
964
447
109
662
308
503
610
964
909
423
529
492
479
461
989
561
597
167
155
484
325
348
897
484
407
493
544
207
755
847
943
962
639
962
780
564
383
191
470
990
259
761
776
122
659
932
829
906
375
452
496
542
112
665
295
419
935
829
121
738
626
420
658
313
613
233
578
689
672
699
732
977
916
425
100
609
787
673
312
984
102
747
116
266
81
390
91
344
393
547
387
631
412
238
940
898
341
105
843
933
688
661
61
275
571
595
135
797
527
721
14
272
262
885
424
142
695
463
255
412
509
380
627
946
345
981
865
908
129
357
388
64
513
842
22
296
742
599
788
279
46
535
225
562
421
377
431
573
921
816
959
215
288
271
746
142
931
93
564
651
697
430
520
113
106
913
614
774
500
401
6
913
677
896
436
324
510
852
543
119
567
880
854
583
676
328
236
851
301
636
274
522
920
1000
736
208
112
530
212
842
752
996
584
111
957
605
906
45
382
957
348
303
962
129
868
683
890
349
914
362
880
963
736
193
296
901
142
536
246
254
288
661
671
876
455
850
124
11
771
796
818
295
763
254
416
130
216
710
697
737
320
445
772
385
365
81
593
843
636
969
515
47
239
51
789
493
255
624
382
958
250
286
644
219
58
586
718
788
711
735
288
751
83
647
326
714
314
160
17
337
205
817
251
229
612
735
779
446
21
623
776
543
593
292
471
147
583
557
332
321
687
653
675
311
265
9
971
606
255
174
382
559
818
119
827
370
882
334
569
29
756
555
986
192
332
23
21
839
315
674
724
413
373
293
198
372
410
609
84
165
708
616
913
892
941
154
339
122
779
704
274
871
737
153
235
777
303
634
612
337
679
539
692
216
9
304
99
515
570
659
244
421
456
506
568
99
28
826
708
171
250
580
599
900
562
839
52
289
954
614
742
83
776
67
305
46
503
427
221
988
178
377
634
746
414
722
556
594
898
489
925
720
206
591
184
958
20
229
911
125
470
766
375
538
115
452
138
706
314
701
79
417
406
624
136
364
532
894
785
20
472
816
240
107
974
781
754
485
304
555
168
973
80
917
568
895
469
717
650
66
51
988
990
608
425
561
172
177
474
943
620
726
712
966
831
233
493
536
36
124
343
629
882
351
920
180
476
421
727
445
628
130
574
369
523
969
332
448
343
514
425
447
85
49
464
188
824
5
754
741
985
937
807
230
45
505
770
955
1000
431
621
691
70
773
383
726
745
213
640
862
497
797
739
126
417
471
795
152
64
415
922
526
582
401
209
907
3
952
533
841
833
372
861
889
458
914
399
820
762
828
548
114
650
862
247
621
638
559
917
679
198
615
216
612
520
127
839
673
834
872
63
103
506
416
664
333
541
7
157
506
228
959
550
420
500
530
581
37
210
262
209
30
239
800
34
351
126
13
786
771
48
676
445
215
643
909
384
863
872
675
420
188
130
428
650
528
939
430
517
330
654
50
760
639
192
603
647
242
969
597
772
814
937
813
130
991
143
739
117
970
133
867
731
892
591
988
863
212
425
860
917
287
526
528
97
144
207
103
120
139
539
883
529
428
155
298
329